
PowerMax_org =

   55.8000


sortedIrows_org =

    3.0000    6.2000    9.0000   55.8000
    4.0000    6.2000    9.0000   55.8000
    1.0000    6.6000    7.0000   46.2000
    2.0000    6.6000    7.0000   46.2000
    5.0000    9.0000    5.0000   45.0000
    6.0000    9.0000    5.0000   45.0000
    7.0000    9.0000    5.0000   45.0000
    8.0000    9.0000    5.0000   45.0000
    9.0000    9.0000    5.0000   45.0000


Minimum_Diff_Currents_org =

    2.8000

Original Arrangement
        1000        1000        1000        1000        1000         200         200         600         600
        1000        1000        1000        1000        1000         200         200         600         600
        1000        1000        1000        1000        1000         200         200         400         400
        1000        1000        1000        1000        1000         200         200         400         400
        1000        1000        1000        1000        1000        1000        1000        1000        1000
        1000        1000        1000        1000        1000        1000        1000        1000        1000
        1000        1000        1000        1000        1000        1000        1000        1000        1000
        1000        1000        1000        1000        1000        1000        1000        1000        1000
        1000        1000        1000        1000        1000        1000        1000        1000        1000


PowerMax_Optimal =

   66.6000


sortedIrows_Optimal =

    9.0000    7.4000    9.0000   66.6000
    1.0000    7.8000    8.0000   62.4000
    2.0000    7.8000    8.0000   62.4000
    3.0000    7.8000    8.0000   62.4000
    4.0000    7.8000    8.0000   62.4000
    6.0000    7.8000    8.0000   62.4000
    8.0000    7.8000    8.0000   62.4000
    5.0000    8.2000    2.0000   16.4000
    7.0000    8.2000    2.0000   16.4000


Minimum_Diff_Currents_Optimal =

    0.8000

Optimal Arrangement
        1000        1000        1000        1000        1000        1000        1000         400         400
        1000        1000        1000        1000        1000        1000        1000         400         400
        1000        1000        1000        1000        1000         200        1000        1000         600
        1000        1000        1000        1000        1000        1000         200         600        1000
        1000        1000        1000        1000        1000        1000         200        1000        1000
        1000        1000        1000        1000        1000         200        1000        1000         600
        1000        1000        1000        1000        1000        1000         200        1000        1000
        1000        1000        1000        1000        1000         200        1000         600        1000
        1000        1000        1000        1000        1000         200         200        1000        1000

Power Enhancement (%):
   16.2162

Matrix B:
     1    10    19    28    37    46    55    64    73
     2    11    20    29    38    47    56    65    74
     3    12    21    30    39    48    57    66    75
     4    13    22    31    40    49    58    67    76
     5    14    23    32    41    50    59    68    77
     6    15    24    33    42    51    60    69    78
     7    16    25    34    43    52    61    70    79
     8    17    26    35    44    53    62    71    80
     9    18    27    36    45    54    63    72    81

Matrix C:
     3    14    24    28    41    52    63    69    73
     2    12    19    36    42    48    56    67    81
     7    17    21    30    40    51    59    68    80
     4    11    20    35    39    47    58    65    78
     9    10    26    32    45    46    57    70    76
     1    18    22    29    43    53    55    64    79
     5    15    27    31    44    49    62    71    75
     6    13    23    33    37    50    60    72    77
     8    16    25    34    38    54    61    66    74


PowerMax_org =

   55.8000


sortedIrows_org =

    3.0000    6.2000    9.0000   55.8000
    4.0000    6.2000    9.0000   55.8000
    1.0000    6.6000    7.0000   46.2000
    2.0000    6.6000    7.0000   46.2000
    5.0000    9.0000    5.0000   45.0000
    6.0000    9.0000    5.0000   45.0000
    7.0000    9.0000    5.0000   45.0000
    8.0000    9.0000    5.0000   45.0000
    9.0000    9.0000    5.0000   45.0000


Minimum_Diff_Currents_org =

    2.8000

Original Arrangement
        1000        1000        1000        1000        1000         200         200         600         600
        1000        1000        1000        1000        1000         200         200         600         600
        1000        1000        1000        1000        1000         200         200         400         400
        1000        1000        1000        1000        1000         200         200         400         400
        1000        1000        1000        1000        1000        1000        1000        1000        1000
        1000        1000        1000        1000        1000        1000        1000        1000        1000
        1000        1000        1000        1000        1000        1000        1000        1000        1000
        1000        1000        1000        1000        1000        1000        1000        1000        1000
        1000        1000        1000        1000        1000        1000        1000        1000        1000


PowerMax_Optimal =

   66.6000


sortedIrows_Optimal =

    6.0000    7.4000    9.0000   66.6000
    1.0000    7.8000    8.0000   62.4000
    3.0000    7.8000    8.0000   62.4000
    4.0000    7.8000    8.0000   62.4000
    5.0000    7.8000    8.0000   62.4000
    7.0000    7.8000    8.0000   62.4000
    9.0000    7.8000    8.0000   62.4000
    2.0000    8.2000    2.0000   16.4000
    8.0000    8.2000    2.0000   16.4000


Minimum_Diff_Currents_Optimal =

    0.8000

Optimal Arrangement
        1000        1000        1000        1000        1000        1000         200        1000         600
        1000        1000        1000        1000        1000         200        1000        1000        1000
        1000        1000        1000        1000        1000        1000        1000         400         400
        1000        1000        1000        1000        1000        1000         200        1000         600
        1000        1000        1000        1000        1000         200        1000         600        1000
        1000        1000        1000        1000        1000         200         200        1000        1000
        1000        1000        1000        1000        1000        1000        1000         400         400
        1000        1000        1000        1000        1000         200        1000        1000        1000
        1000        1000        1000        1000        1000        1000         200         600        1000

Power Enhancement (%):
   16.2162

Matrix B:
     1    10    19    28    37    46    55    64    73
     2    11    20    29    38    47    56    65    74
     3    12    21    30    39    48    57    66    75
     4    13    22    31    40    49    58    67    76
     5    14    23    32    41    50    59    68    77
     6    15    24    33    42    51    60    69    78
     7    16    25    34    43    52    61    70    79
     8    17    26    35    44    53    62    71    80
     9    18    27    36    45    54    63    72    81

Matrix C:
     9    13    19    36    42    49    56    68    77
     6    12    23    35    38    54    59    72    79
     1    14    25    34    37    51    58    66    76
     5    16    22    32    41    46    60    64    78
     2    17    26    29    43    47    62    70    73
     4    18    24    30    40    53    63    67    80
     3    15    21    28    45    48    57    69    74
     8    11    20    33    44    50    61    71    75
     7    10    27    31    39    52    55    65    81


PowerMax_org =

   55.8000


sortedIrows_org =

    3.0000    6.2000    9.0000   55.8000
    4.0000    6.2000    9.0000   55.8000
    1.0000    6.6000    7.0000   46.2000
    2.0000    6.6000    7.0000   46.2000
    5.0000    9.0000    5.0000   45.0000
    6.0000    9.0000    5.0000   45.0000
    7.0000    9.0000    5.0000   45.0000
    8.0000    9.0000    5.0000   45.0000
    9.0000    9.0000    5.0000   45.0000


Minimum_Diff_Currents_org =

    2.8000

Original Arrangement
        1000        1000        1000        1000        1000         200         200         600         600
        1000        1000        1000        1000        1000         200         200         600         600
        1000        1000        1000        1000        1000         200         200         400         400
        1000        1000        1000        1000        1000         200         200         400         400
        1000        1000        1000        1000        1000        1000        1000        1000        1000
        1000        1000        1000        1000        1000        1000        1000        1000        1000
        1000        1000        1000        1000        1000        1000        1000        1000        1000
        1000        1000        1000        1000        1000        1000        1000        1000        1000
        1000        1000        1000        1000        1000        1000        1000        1000        1000


PowerMax_Optimal =

   66.6000


sortedIrows_Optimal =

    3.0000    7.4000    9.0000   66.6000
    1.0000    7.8000    8.0000   62.4000
    2.0000    7.8000    8.0000   62.4000
    4.0000    7.8000    8.0000   62.4000
    6.0000    7.8000    8.0000   62.4000
    7.0000    7.8000    8.0000   62.4000
    9.0000    7.8000    8.0000   62.4000
    5.0000    8.2000    2.0000   16.4000
    8.0000    8.2000    2.0000   16.4000


Minimum_Diff_Currents_Optimal =

    0.8000

Optimal Arrangement
        1000        1000        1000        1000        1000        1000         200         600        1000
        1000        1000        1000        1000        1000        1000         200         600        1000
        1000        1000        1000        1000        1000         200         200        1000        1000
        1000        1000        1000        1000        1000         200        1000        1000         600
        1000        1000        1000        1000        1000        1000         200        1000        1000
        1000        1000        1000        1000        1000        1000        1000         400         400
        1000        1000        1000        1000        1000         200        1000        1000         600
        1000        1000        1000        1000        1000         200        1000        1000        1000
        1000        1000        1000        1000        1000        1000        1000         400         400

Power Enhancement (%):
   16.2162

Matrix B:
     1    10    19    28    37    46    55    64    73
     2    11    20    29    38    47    56    65    74
     3    12    21    30    39    48    57    66    75
     4    13    22    31    40    49    58    67    76
     5    14    23    32    41    50    59    68    77
     6    15    24    33    42    51    60    69    78
     7    16    25    34    43    52    61    70    79
     8    17    26    35    44    53    62    71    80
     9    18    27    36    45    54    63    72    81

Matrix C:
     8    11    27    31    42    51    56    64    77
     4    16    19    32    41    54    61    65    76
     3    14    24    28    39    46    63    71    80
     7    18    20    33    45    49    60    67    75
     5    17    22    30    38    47    57    66    73
     1    10    21    34    40    48    55    69    81
     6    13    25    29    43    52    59    68    74
     2    15    23    36    44    50    62    70    79
     9    12    26    35    37    53    58    72    78


PowerMax_org =

   55.8000


sortedIrows_org =

    3.0000    6.2000    9.0000   55.8000
    4.0000    6.2000    9.0000   55.8000
    1.0000    6.6000    7.0000   46.2000
    2.0000    6.6000    7.0000   46.2000
    5.0000    9.0000    5.0000   45.0000
    6.0000    9.0000    5.0000   45.0000
    7.0000    9.0000    5.0000   45.0000
    8.0000    9.0000    5.0000   45.0000
    9.0000    9.0000    5.0000   45.0000


Minimum_Diff_Currents_org =

    2.8000

Original Arrangement
        1000        1000        1000        1000        1000         200         200         600         600
        1000        1000        1000        1000        1000         200         200         600         600
        1000        1000        1000        1000        1000         200         200         400         400
        1000        1000        1000        1000        1000         200         200         400         400
        1000        1000        1000        1000        1000        1000        1000        1000        1000
        1000        1000        1000        1000        1000        1000        1000        1000        1000
        1000        1000        1000        1000        1000        1000        1000        1000        1000
        1000        1000        1000        1000        1000        1000        1000        1000        1000
        1000        1000        1000        1000        1000        1000        1000        1000        1000


PowerMax_Optimal =

   66.6000


sortedIrows_Optimal =

    8.0000    7.4000    9.0000   66.6000
    1.0000    7.8000    8.0000   62.4000
    2.0000    7.8000    8.0000   62.4000
    3.0000    7.8000    8.0000   62.4000
    5.0000    7.8000    8.0000   62.4000
    6.0000    7.8000    8.0000   62.4000
    7.0000    7.8000    8.0000   62.4000
    4.0000    8.2000    2.0000   16.4000
    9.0000    8.2000    2.0000   16.4000


Minimum_Diff_Currents_Optimal =

    0.8000

Optimal Arrangement
        1000        1000        1000        1000        1000        1000         200        1000         600
        1000        1000        1000        1000        1000        1000        1000         400         400
        1000        1000        1000        1000        1000         200        1000         600        1000
        1000        1000        1000        1000        1000         200        1000        1000        1000
        1000        1000        1000        1000        1000        1000         200         600        1000
        1000        1000        1000        1000        1000        1000         200        1000         600
        1000        1000        1000        1000        1000        1000        1000         400         400
        1000        1000        1000        1000        1000         200         200        1000        1000
        1000        1000        1000        1000        1000         200        1000        1000        1000

Power Enhancement (%):
   16.2162

Matrix B:
     1    10    19    28    37    46    55    64    73
     2    11    20    29    38    47    56    65    74
     3    12    21    30    39    48    57    66    75
     4    13    22    31    40    49    58    67    76
     5    14    23    32    41    50    59    68    77
     6    15    24    33    42    51    60    69    78
     7    16    25    34    43    52    61    70    79
     8    17    26    35    44    53    62    71    80
     9    18    27    36    45    54    63    72    81

Matrix C:
     7    17    20    30    41    49    63    67    76
     3    18    26    31    43    54    55    64    78
     5    15    21    34    44    50    61    65    75
     9    14    24    35    40    52    58    69    73
     4    11    23    28    38    51    60    70    80
     2    12    19    32    37    53    62    72    81
     8    13    25    36    39    46    59    66    74
     1    16    27    29    45    48    57    68    77
     6    10    22    33    42    47    56    71    79


PowerMax_org =

   55.8000


sortedIrows_org =

    3.0000    6.2000    9.0000   55.8000
    4.0000    6.2000    9.0000   55.8000
    1.0000    6.6000    7.0000   46.2000
    2.0000    6.6000    7.0000   46.2000
    5.0000    9.0000    5.0000   45.0000
    6.0000    9.0000    5.0000   45.0000
    7.0000    9.0000    5.0000   45.0000
    8.0000    9.0000    5.0000   45.0000
    9.0000    9.0000    5.0000   45.0000


Minimum_Diff_Currents_org =

    2.8000

Original Arrangement
        1000        1000        1000        1000        1000         200         200         600         600
        1000        1000        1000        1000        1000         200         200         600         600
        1000        1000        1000        1000        1000         200         200         400         400
        1000        1000        1000        1000        1000         200         200         400         400
        1000        1000        1000        1000        1000        1000        1000        1000        1000
        1000        1000        1000        1000        1000        1000        1000        1000        1000
        1000        1000        1000        1000        1000        1000        1000        1000        1000
        1000        1000        1000        1000        1000        1000        1000        1000        1000
        1000        1000        1000        1000        1000        1000        1000        1000        1000


PowerMax_Optimal =

   66.6000


sortedIrows_Optimal =

    1.0000    7.4000    9.0000   66.6000
    2.0000    7.8000    8.0000   62.4000
    4.0000    7.8000    8.0000   62.4000
    5.0000    7.8000    8.0000   62.4000
    6.0000    7.8000    8.0000   62.4000
    7.0000    7.8000    8.0000   62.4000
    9.0000    7.8000    8.0000   62.4000
    3.0000    8.2000    2.0000   16.4000
    8.0000    8.2000    2.0000   16.4000


Minimum_Diff_Currents_Optimal =

    0.8000

Optimal Arrangement
        1000        1000        1000        1000        1000         200         200        1000        1000
        1000        1000        1000        1000        1000        1000         200        1000         600
        1000        1000        1000        1000        1000         200        1000        1000        1000
        1000        1000        1000        1000        1000        1000         200         600        1000
        1000        1000        1000        1000        1000        1000        1000         400         400
        1000        1000        1000        1000        1000        1000        1000         400         400
        1000        1000        1000        1000        1000         200        1000        1000         600
        1000        1000        1000        1000        1000        1000         200        1000        1000
        1000        1000        1000        1000        1000         200        1000         600        1000

Power Enhancement (%):
   16.2162

Matrix B:
     1    10    19    28    37    46    55    64    73
     2    11    20    29    38    47    56    65    74
     3    12    21    30    39    48    57    66    75
     4    13    22    31    40    49    58    67    76
     5    14    23    32    41    50    59    68    77
     6    15    24    33    42    51    60    69    78
     7    16    25    34    43    52    61    70    79
     8    17    26    35    44    53    62    71    80
     9    18    27    36    45    54    63    72    81

Matrix C:
     7    18    25    33    40    50    55    66    81
     8    16    23    31    39    51    58    64    80
     9    12    20    35    42    48    60    71    79
     4    14    19    34    45    47    57    70    75
     3    17    21    30    38    54    59    68    76
     1    11    24    36    43    53    62    72    73
     2    15    27    32    37    52    63    65    78
     6    13    22    28    41    49    61    69    77
     5    10    26    29    44    46    56    67    74


PowerMax_org =

   55.8000


sortedIrows_org =

    3.0000    6.2000    9.0000   55.8000
    4.0000    6.2000    9.0000   55.8000
    1.0000    6.6000    7.0000   46.2000
    2.0000    6.6000    7.0000   46.2000
    5.0000    9.0000    5.0000   45.0000
    6.0000    9.0000    5.0000   45.0000
    7.0000    9.0000    5.0000   45.0000
    8.0000    9.0000    5.0000   45.0000
    9.0000    9.0000    5.0000   45.0000


Minimum_Diff_Currents_org =

    2.8000

Original Arrangement
        1000        1000        1000        1000        1000         200         200         600         600
        1000        1000        1000        1000        1000         200         200         600         600
        1000        1000        1000        1000        1000         200         200         400         400
        1000        1000        1000        1000        1000         200         200         400         400
        1000        1000        1000        1000        1000        1000        1000        1000        1000
        1000        1000        1000        1000        1000        1000        1000        1000        1000
        1000        1000        1000        1000        1000        1000        1000        1000        1000
        1000        1000        1000        1000        1000        1000        1000        1000        1000
        1000        1000        1000        1000        1000        1000        1000        1000        1000


PowerMax_Optimal =

   66.6000


sortedIrows_Optimal =

    4.0000    7.4000    9.0000   66.6000
    1.0000    7.8000    8.0000   62.4000
    5.0000    7.8000    8.0000   62.4000
    6.0000    7.8000    8.0000   62.4000
    7.0000    7.8000    8.0000   62.4000
    8.0000    7.8000    8.0000   62.4000
    9.0000    7.8000    8.0000   62.4000
    2.0000    8.2000    2.0000   16.4000
    3.0000    8.2000    2.0000   16.4000


Minimum_Diff_Currents_Optimal =

    0.8000

Optimal Arrangement
        1000        1000        1000        1000        1000        1000         200         600        1000
        1000        1000        1000        1000        1000         200        1000        1000        1000
        1000        1000        1000        1000        1000        1000         200        1000        1000
        1000        1000        1000        1000        1000         200         200        1000        1000
        1000        1000        1000        1000        1000        1000         200        1000         600
        1000        1000        1000        1000        1000         200        1000         600        1000
        1000        1000        1000        1000        1000        1000        1000         400         400
        1000        1000        1000        1000        1000        1000        1000         400         400
        1000        1000        1000        1000        1000         200        1000        1000         600

Power Enhancement (%):
   16.2162

Matrix B:
     1    10    19    28    37    46    55    64    73
     2    11    20    29    38    47    56    65    74
     3    12    21    30    39    48    57    66    75
     4    13    22    31    40    49    58    67    76
     5    14    23    32    41    50    59    68    77
     6    15    24    33    42    51    60    69    78
     7    16    25    34    43    52    61    70    79
     8    17    26    35    44    53    62    71    80
     9    18    27    36    45    54    63    72    81

Matrix C:
     5    11    27    28    41    50    59    71    74
     2    14    26    31    40    53    61    64    75
     9    17    24    32    37    47    57    66    77
     1    12    19    36    39    54    62    67    81
     7    13    21    33    42    51    56    70    76
     4    16    23    29    44    52    63    69    73
     8    10    25    30    38    49    60    65    78
     3    15    22    34    43    46    58    68    79
     6    18    20    35    45    48    55    72    80


PowerMax_org =

   55.8000


sortedIrows_org =

    3.0000    6.2000    9.0000   55.8000
    4.0000    6.2000    9.0000   55.8000
    1.0000    6.6000    7.0000   46.2000
    2.0000    6.6000    7.0000   46.2000
    5.0000    9.0000    5.0000   45.0000
    6.0000    9.0000    5.0000   45.0000
    7.0000    9.0000    5.0000   45.0000
    8.0000    9.0000    5.0000   45.0000
    9.0000    9.0000    5.0000   45.0000


Minimum_Diff_Currents_org =

    2.8000

Original Arrangement
        1000        1000        1000        1000        1000         200         200         600         600
        1000        1000        1000        1000        1000         200         200         600         600
        1000        1000        1000        1000        1000         200         200         400         400
        1000        1000        1000        1000        1000         200         200         400         400
        1000        1000        1000        1000        1000        1000        1000        1000        1000
        1000        1000        1000        1000        1000        1000        1000        1000        1000
        1000        1000        1000        1000        1000        1000        1000        1000        1000
        1000        1000        1000        1000        1000        1000        1000        1000        1000
        1000        1000        1000        1000        1000        1000        1000        1000        1000


PowerMax_Optimal =

   66.6000


sortedIrows_Optimal =

    2.0000    7.4000    9.0000   66.6000
    1.0000    7.8000    8.0000   62.4000
    3.0000    7.8000    8.0000   62.4000
    4.0000    7.8000    8.0000   62.4000
    5.0000    7.8000    8.0000   62.4000
    7.0000    7.8000    8.0000   62.4000
    8.0000    7.8000    8.0000   62.4000
    6.0000    8.2000    2.0000   16.4000
    9.0000    8.2000    2.0000   16.4000


Minimum_Diff_Currents_Optimal =

    0.8000

Optimal Arrangement
        1000        1000        1000        1000        1000        1000         200        1000         600
        1000        1000        1000        1000        1000         200         200        1000        1000
        1000        1000        1000        1000        1000        1000         200        1000         600
        1000        1000        1000        1000        1000         200        1000         600        1000
        1000        1000        1000        1000        1000        1000        1000         400         400
        1000        1000        1000        1000        1000         200        1000        1000        1000
        1000        1000        1000        1000        1000         200        1000         600        1000
        1000        1000        1000        1000        1000        1000        1000         400         400
        1000        1000        1000        1000        1000        1000         200        1000        1000

Power Enhancement (%):
   16.2162

Matrix B:
     1    10    19    28    37    46    55    64    73
     2    11    20    29    38    47    56    65    74
     3    12    21    30    39    48    57    66    75
     4    13    22    31    40    49    58    67    76
     5    14    23    32    41    50    59    68    77
     6    15    24    33    42    51    60    69    78
     7    16    25    34    43    52    61    70    79
     8    17    26    35    44    53    62    71    80
     9    18    27    36    45    54    63    72    81

Matrix C:
     8    18    19    32    43    50    59    69    76
     7    10    26    34    40    48    60    68    79
     6    17    21    29    45    47    58    66    80
     5    12    27    30    41    54    56    67    74
     4    11    20    33    37    46    62    65    77
     1    15    25    36    42    49    63    72    81
     9    14    22    28    39    53    55    70    73
     3    16    24    35    44    52    61    64    75
     2    13    23    31    38    51    57    71    78


PowerMax_org =

   55.8000


sortedIrows_org =

    3.0000    6.2000    9.0000   55.8000
    4.0000    6.2000    9.0000   55.8000
    1.0000    6.6000    7.0000   46.2000
    2.0000    6.6000    7.0000   46.2000
    5.0000    9.0000    5.0000   45.0000
    6.0000    9.0000    5.0000   45.0000
    7.0000    9.0000    5.0000   45.0000
    8.0000    9.0000    5.0000   45.0000
    9.0000    9.0000    5.0000   45.0000


Minimum_Diff_Currents_org =

    2.8000

Original Arrangement
        1000        1000        1000        1000        1000         200         200         600         600
        1000        1000        1000        1000        1000         200         200         600         600
        1000        1000        1000        1000        1000         200         200         400         400
        1000        1000        1000        1000        1000         200         200         400         400
        1000        1000        1000        1000        1000        1000        1000        1000        1000
        1000        1000        1000        1000        1000        1000        1000        1000        1000
        1000        1000        1000        1000        1000        1000        1000        1000        1000
        1000        1000        1000        1000        1000        1000        1000        1000        1000
        1000        1000        1000        1000        1000        1000        1000        1000        1000


PowerMax_Optimal =

   66.6000


sortedIrows_Optimal =

    5.0000    7.4000    9.0000   66.6000
    1.0000    7.8000    8.0000   62.4000
    2.0000    7.8000    8.0000   62.4000
    6.0000    7.8000    8.0000   62.4000
    7.0000    7.8000    8.0000   62.4000
    8.0000    7.8000    8.0000   62.4000
    9.0000    7.8000    8.0000   62.4000
    3.0000    8.2000    2.0000   16.4000
    4.0000    8.2000    2.0000   16.4000


Minimum_Diff_Currents_Optimal =

    0.8000

Optimal Arrangement
        1000        1000        1000        1000        1000        1000         200         600        1000
        1000        1000        1000        1000        1000         200        1000        1000         600
        1000        1000        1000        1000        1000        1000         200        1000        1000
        1000        1000        1000        1000        1000         200        1000        1000        1000
        1000        1000        1000        1000        1000         200         200        1000        1000
        1000        1000        1000        1000        1000        1000         200         600        1000
        1000        1000        1000        1000        1000         200        1000        1000         600
        1000        1000        1000        1000        1000        1000        1000         400         400
        1000        1000        1000        1000        1000        1000        1000         400         400

Power Enhancement (%):
   16.2162

Matrix B:
     1    10    19    28    37    46    55    64    73
     2    11    20    29    38    47    56    65    74
     3    12    21    30    39    48    57    66    75
     4    13    22    31    40    49    58    67    76
     5    14    23    32    41    50    59    68    77
     6    15    24    33    42    51    60    69    78
     7    16    25    34    43    52    61    70    79
     8    17    26    35    44    53    62    71    80
     9    18    27    36    45    54    63    72    81

Matrix C:
     2    16    27    32    45    51    58    68    74
     4    10    19    28    41    48    57    69    76
     7    11    22    34    37    52    55    70    79
     6    15    23    33    38    50    59    64    75
     1    13    21    29    42    53    60    66    78
     3    18    26    36    43    49    62    67    80
     5    17    24    35    40    54    56    71    77
     9    12    25    30    44    47    63    65    73
     8    14    20    31    39    46    61    72    81


PowerMax_org =

   55.8000


sortedIrows_org =

    3.0000    6.2000    9.0000   55.8000
    4.0000    6.2000    9.0000   55.8000
    1.0000    6.6000    7.0000   46.2000
    2.0000    6.6000    7.0000   46.2000
    5.0000    9.0000    5.0000   45.0000
    6.0000    9.0000    5.0000   45.0000
    7.0000    9.0000    5.0000   45.0000
    8.0000    9.0000    5.0000   45.0000
    9.0000    9.0000    5.0000   45.0000


Minimum_Diff_Currents_org =

    2.8000

Original Arrangement
        1000        1000        1000        1000        1000         200         200         600         600
        1000        1000        1000        1000        1000         200         200         600         600
        1000        1000        1000        1000        1000         200         200         400         400
        1000        1000        1000        1000        1000         200         200         400         400
        1000        1000        1000        1000        1000        1000        1000        1000        1000
        1000        1000        1000        1000        1000        1000        1000        1000        1000
        1000        1000        1000        1000        1000        1000        1000        1000        1000
        1000        1000        1000        1000        1000        1000        1000        1000        1000
        1000        1000        1000        1000        1000        1000        1000        1000        1000


PowerMax_Optimal =

   66.6000


sortedIrows_Optimal =

    6.0000    7.4000    9.0000   66.6000
    1.0000    7.8000    8.0000   62.4000
    2.0000    7.8000    8.0000   62.4000
    3.0000    7.8000    8.0000   62.4000
    5.0000    7.8000    8.0000   62.4000
    7.0000    7.8000    8.0000   62.4000
    9.0000    7.8000    8.0000   62.4000
    4.0000    8.2000    2.0000   16.4000
    8.0000    8.2000    2.0000   16.4000


Minimum_Diff_Currents_Optimal =

    0.8000

Optimal Arrangement
        1000        1000        1000        1000        1000        1000         200        1000         600
        1000        1000        1000        1000        1000         200        1000        1000         600
        1000        1000        1000        1000        1000         200        1000         600        1000
        1000        1000        1000        1000        1000         200        1000        1000        1000
        1000        1000        1000        1000        1000        1000        1000         400         400
        1000        1000        1000        1000        1000         200         200        1000        1000
        1000        1000        1000        1000        1000        1000        1000         400         400
        1000        1000        1000        1000        1000        1000         200        1000        1000
        1000        1000        1000        1000        1000        1000         200         600        1000

Power Enhancement (%):
   16.2162

Matrix B:
     1    10    19    28    37    46    55    64    73
     2    11    20    29    38    47    56    65    74
     3    12    21    30    39    48    57    66    75
     4    13    22    31    40    49    58    67    76
     5    14    23    32    41    50    59    68    77
     6    15    24    33    42    51    60    69    78
     7    16    25    34    43    52    61    70    79
     8    17    26    35    44    53    62    71    80
     9    18    27    36    45    54    63    72    81

Matrix C:
     7    15    25    35    44    47    59    69    79
     9    14    21    29    41    54    63    71    81
     8    10    22    30    43    51    61    68    74
     6    18    19    34    39    49    57    67    78
     1    12    20    28    45    52    60    64    80
     3    16    27    32    38    46    62    65    76
     2    13    23    36    42    53    55    72    75
     5    17    24    31    37    48    58    70    73
     4    11    26    33    40    50    56    66    77


PowerMax_org =

   55.8000


sortedIrows_org =

    3.0000    6.2000    9.0000   55.8000
    4.0000    6.2000    9.0000   55.8000
    1.0000    6.6000    7.0000   46.2000
    2.0000    6.6000    7.0000   46.2000
    5.0000    9.0000    5.0000   45.0000
    6.0000    9.0000    5.0000   45.0000
    7.0000    9.0000    5.0000   45.0000
    8.0000    9.0000    5.0000   45.0000
    9.0000    9.0000    5.0000   45.0000


Minimum_Diff_Currents_org =

    2.8000

Original Arrangement
        1000        1000        1000        1000        1000         200         200         600         600
        1000        1000        1000        1000        1000         200         200         600         600
        1000        1000        1000        1000        1000         200         200         400         400
        1000        1000        1000        1000        1000         200         200         400         400
        1000        1000        1000        1000        1000        1000        1000        1000        1000
        1000        1000        1000        1000        1000        1000        1000        1000        1000
        1000        1000        1000        1000        1000        1000        1000        1000        1000
        1000        1000        1000        1000        1000        1000        1000        1000        1000
        1000        1000        1000        1000        1000        1000        1000        1000        1000


PowerMax_Optimal =

   66.6000


sortedIrows_Optimal =

    6.0000    7.4000    9.0000   66.6000
    1.0000    7.8000    8.0000   62.4000
    2.0000    7.8000    8.0000   62.4000
    3.0000    7.8000    8.0000   62.4000
    4.0000    7.8000    8.0000   62.4000
    5.0000    7.8000    8.0000   62.4000
    9.0000    7.8000    8.0000   62.4000
    7.0000    8.2000    2.0000   16.4000
    8.0000    8.2000    2.0000   16.4000


Minimum_Diff_Currents_Optimal =

    0.8000

Optimal Arrangement
        1000        1000        1000        1000        1000         200        1000        1000         600
        1000        1000        1000        1000        1000        1000         200        1000         600
        1000        1000        1000        1000        1000        1000        1000         400         400
        1000        1000        1000        1000        1000         200        1000         600        1000
        1000        1000        1000        1000        1000        1000        1000         400         400
        1000        1000        1000        1000        1000         200         200        1000        1000
        1000        1000        1000        1000        1000         200        1000        1000        1000
        1000        1000        1000        1000        1000        1000         200        1000        1000
        1000        1000        1000        1000        1000        1000         200         600        1000

Power Enhancement (%):
   16.2162

Matrix B:
     1    10    19    28    37    46    55    64    73
     2    11    20    29    38    47    56    65    74
     3    12    21    30    39    48    57    66    75
     4    13    22    31    40    49    58    67    76
     5    14    23    32    41    50    59    68    77
     6    15    24    33    42    51    60    69    78
     7    16    25    34    43    52    61    70    79
     8    17    26    35    44    53    62    71    80
     9    18    27    36    45    54    63    72    81

Matrix C:
     9    11    22    35    43    47    58    64    77
     7    10    20    29    37    49    55    65    80
     6    18    19    31    39    46    63    72    74
     8    15    26    33    45    48    62    66    73
     4    16    24    34    42    50    59    71    79
     3    14    25    30    44    53    56    67    78
     2    13    23    28    38    54    60    68    75
     5    17    27    32    40    51    61    69    81
     1    12    21    36    41    52    57    70    76


PowerMax_org =

   55.8000


sortedIrows_org =

    3.0000    6.2000    9.0000   55.8000
    4.0000    6.2000    9.0000   55.8000
    1.0000    6.6000    7.0000   46.2000
    2.0000    6.6000    7.0000   46.2000
    5.0000    9.0000    5.0000   45.0000
    6.0000    9.0000    5.0000   45.0000
    7.0000    9.0000    5.0000   45.0000
    8.0000    9.0000    5.0000   45.0000
    9.0000    9.0000    5.0000   45.0000


Minimum_Diff_Currents_org =

    2.8000

Original Arrangement
        1000        1000        1000        1000        1000         200         200         600         600
        1000        1000        1000        1000        1000         200         200         600         600
        1000        1000        1000        1000        1000         200         200         400         400
        1000        1000        1000        1000        1000         200         200         400         400
        1000        1000        1000        1000        1000        1000        1000        1000        1000
        1000        1000        1000        1000        1000        1000        1000        1000        1000
        1000        1000        1000        1000        1000        1000        1000        1000        1000
        1000        1000        1000        1000        1000        1000        1000        1000        1000
        1000        1000        1000        1000        1000        1000        1000        1000        1000


PowerMax_Optimal =

   66.6000


sortedIrows_Optimal =

    8.0000    7.4000    9.0000   66.6000
    2.0000    7.8000    8.0000   62.4000
    3.0000    7.8000    8.0000   62.4000
    4.0000    7.8000    8.0000   62.4000
    5.0000    7.8000    8.0000   62.4000
    6.0000    7.8000    8.0000   62.4000
    9.0000    7.8000    8.0000   62.4000
    1.0000    8.2000    2.0000   16.4000
    7.0000    8.2000    2.0000   16.4000


Minimum_Diff_Currents_Optimal =

    0.8000

Optimal Arrangement
        1000        1000        1000        1000        1000        1000         200        1000        1000
        1000        1000        1000        1000        1000        1000        1000         400         400
        1000        1000        1000        1000        1000        1000        1000         400         400
        1000        1000        1000        1000        1000         200        1000        1000         600
        1000        1000        1000        1000        1000         200        1000         600        1000
        1000        1000        1000        1000        1000         200        1000         600        1000
        1000        1000        1000        1000        1000        1000         200        1000        1000
        1000        1000        1000        1000        1000         200         200        1000        1000
        1000        1000        1000        1000        1000        1000         200        1000         600

Power Enhancement (%):
   16.2162

Matrix B:
     1    10    19    28    37    46    55    64    73
     2    11    20    29    38    47    56    65    74
     3    12    21    30    39    48    57    66    75
     4    13    22    31    40    49    58    67    76
     5    14    23    32    41    50    59    68    77
     6    15    24    33    42    51    60    69    78
     7    16    25    34    43    52    61    70    79
     8    17    26    35    44    53    62    71    80
     9    18    27    36    45    54    63    72    81

Matrix C:
     4    12    21    30    42    52    55    69    78
     2    10    26    31    37    49    57    72    73
     6    16    22    28    41    48    63    66    76
     9    17    23    35    39    47    61    70    77
     5    11    27    34    44    50    60    64    80
     8    18    19    32    45    54    59    68    74
     7    15    24    33    40    46    58    67    75
     1    14    25    29    38    53    62    65    79
     3    13    20    36    43    51    56    71    81


PowerMax_org =

   55.8000


sortedIrows_org =

    3.0000    6.2000    9.0000   55.8000
    4.0000    6.2000    9.0000   55.8000
    1.0000    6.6000    7.0000   46.2000
    2.0000    6.6000    7.0000   46.2000
    5.0000    9.0000    5.0000   45.0000
    6.0000    9.0000    5.0000   45.0000
    7.0000    9.0000    5.0000   45.0000
    8.0000    9.0000    5.0000   45.0000
    9.0000    9.0000    5.0000   45.0000


Minimum_Diff_Currents_org =

    2.8000

Original Arrangement
        1000        1000        1000        1000        1000         200         200         600         600
        1000        1000        1000        1000        1000         200         200         600         600
        1000        1000        1000        1000        1000         200         200         400         400
        1000        1000        1000        1000        1000         200         200         400         400
        1000        1000        1000        1000        1000        1000        1000        1000        1000
        1000        1000        1000        1000        1000        1000        1000        1000        1000
        1000        1000        1000        1000        1000        1000        1000        1000        1000
        1000        1000        1000        1000        1000        1000        1000        1000        1000
        1000        1000        1000        1000        1000        1000        1000        1000        1000


PowerMax_Optimal =

   66.6000


sortedIrows_Optimal =

    2.0000    7.4000    9.0000   66.6000
    4.0000    7.8000    8.0000   62.4000
    5.0000    7.8000    8.0000   62.4000
    6.0000    7.8000    8.0000   62.4000
    7.0000    7.8000    8.0000   62.4000
    8.0000    7.8000    8.0000   62.4000
    9.0000    7.8000    8.0000   62.4000
    1.0000    8.2000    2.0000   16.4000
    3.0000    8.2000    2.0000   16.4000


Minimum_Diff_Currents_Optimal =

    0.8000

Optimal Arrangement
        1000        1000        1000        1000        1000         200        1000        1000        1000
        1000        1000        1000        1000        1000         200         200        1000        1000
        1000        1000        1000        1000        1000        1000         200        1000        1000
        1000        1000        1000        1000        1000        1000         200        1000         600
        1000        1000        1000        1000        1000        1000        1000         400         400
        1000        1000        1000        1000        1000         200        1000         600        1000
        1000        1000        1000        1000        1000         200        1000         600        1000
        1000        1000        1000        1000        1000        1000         200        1000         600
        1000        1000        1000        1000        1000        1000        1000         400         400

Power Enhancement (%):
   16.2162

Matrix B:
     1    10    19    28    37    46    55    64    73
     2    11    20    29    38    47    56    65    74
     3    12    21    30    39    48    57    66    75
     4    13    22    31    40    49    58    67    76
     5    14    23    32    41    50    59    68    77
     6    15    24    33    42    51    60    69    78
     7    16    25    34    43    52    61    70    79
     8    17    26    35    44    53    62    71    80
     9    18    27    36    45    54    63    72    81

Matrix C:
     7    14    19    32    38    51    55    66    81
     6    15    20    36    37    48    56    65    77
     4    10    25    35    39    52    60    68    73
     9    16    27    31    43    46    61    67    74
     1    13    26    33    45    47    63    70    75
     8    17    24    29    44    54    59    72    76
     2    18    23    28    41    49    58    64    80
     5    12    22    34    40    53    57    71    79
     3    11    21    30    42    50    62    69    78


PowerMax_org =

   55.8000


sortedIrows_org =

    3.0000    6.2000    9.0000   55.8000
    4.0000    6.2000    9.0000   55.8000
    1.0000    6.6000    7.0000   46.2000
    2.0000    6.6000    7.0000   46.2000
    5.0000    9.0000    5.0000   45.0000
    6.0000    9.0000    5.0000   45.0000
    7.0000    9.0000    5.0000   45.0000
    8.0000    9.0000    5.0000   45.0000
    9.0000    9.0000    5.0000   45.0000


Minimum_Diff_Currents_org =

    2.8000

Original Arrangement
        1000        1000        1000        1000        1000         200         200         600         600
        1000        1000        1000        1000        1000         200         200         600         600
        1000        1000        1000        1000        1000         200         200         400         400
        1000        1000        1000        1000        1000         200         200         400         400
        1000        1000        1000        1000        1000        1000        1000        1000        1000
        1000        1000        1000        1000        1000        1000        1000        1000        1000
        1000        1000        1000        1000        1000        1000        1000        1000        1000
        1000        1000        1000        1000        1000        1000        1000        1000        1000
        1000        1000        1000        1000        1000        1000        1000        1000        1000


PowerMax_Optimal =

   66.6000


sortedIrows_Optimal =

    9.0000    7.4000    9.0000   66.6000
    1.0000    7.8000    8.0000   62.4000
    4.0000    7.8000    8.0000   62.4000
    5.0000    7.8000    8.0000   62.4000
    6.0000    7.8000    8.0000   62.4000
    7.0000    7.8000    8.0000   62.4000
    8.0000    7.8000    8.0000   62.4000
    2.0000    8.2000    2.0000   16.4000
    3.0000    8.2000    2.0000   16.4000


Minimum_Diff_Currents_Optimal =

    0.8000

Optimal Arrangement
        1000        1000        1000        1000        1000        1000        1000         400         400
        1000        1000        1000        1000        1000         200        1000        1000        1000
        1000        1000        1000        1000        1000        1000         200        1000        1000
        1000        1000        1000        1000        1000        1000         200        1000         600
        1000        1000        1000        1000        1000        1000         200        1000         600
        1000        1000        1000        1000        1000         200        1000         600        1000
        1000        1000        1000        1000        1000        1000        1000         400         400
        1000        1000        1000        1000        1000         200        1000         600        1000
        1000        1000        1000        1000        1000         200         200        1000        1000

Power Enhancement (%):
   16.2162

Matrix B:
     1    10    19    28    37    46    55    64    73
     2    11    20    29    38    47    56    65    74
     3    12    21    30    39    48    57    66    75
     4    13    22    31    40    49    58    67    76
     5    14    23    32    41    50    59    68    77
     6    15    24    33    42    51    60    69    78
     7    16    25    34    43    52    61    70    79
     8    17    26    35    44    53    62    71    80
     9    18    27    36    45    54    63    72    81

Matrix C:
     4    14    21    30    42    46    58    65    81
     8    16    26    32    44    52    61    71    77
     3    18    25    29    41    50    60    68    79
     7    11    27    33    38    53    62    66    80
     2    12    20    31    40    54    59    64    78
     1    15    24    35    39    49    55    72    76
     9    10    23    36    45    51    56    67    74
     6    17    22    34    37    47    57    69    75
     5    13    19    28    43    48    63    70    73


PowerMax_org =

   55.8000


sortedIrows_org =

    3.0000    6.2000    9.0000   55.8000
    4.0000    6.2000    9.0000   55.8000
    1.0000    6.6000    7.0000   46.2000
    2.0000    6.6000    7.0000   46.2000
    5.0000    9.0000    5.0000   45.0000
    6.0000    9.0000    5.0000   45.0000
    7.0000    9.0000    5.0000   45.0000
    8.0000    9.0000    5.0000   45.0000
    9.0000    9.0000    5.0000   45.0000


Minimum_Diff_Currents_org =

    2.8000

Original Arrangement
        1000        1000        1000        1000        1000         200         200         600         600
        1000        1000        1000        1000        1000         200         200         600         600
        1000        1000        1000        1000        1000         200         200         400         400
        1000        1000        1000        1000        1000         200         200         400         400
        1000        1000        1000        1000        1000        1000        1000        1000        1000
        1000        1000        1000        1000        1000        1000        1000        1000        1000
        1000        1000        1000        1000        1000        1000        1000        1000        1000
        1000        1000        1000        1000        1000        1000        1000        1000        1000
        1000        1000        1000        1000        1000        1000        1000        1000        1000


PowerMax_Optimal =

   66.6000


sortedIrows_Optimal =

    9.0000    7.4000    9.0000   66.6000
    1.0000    7.8000    8.0000   62.4000
    2.0000    7.8000    8.0000   62.4000
    4.0000    7.8000    8.0000   62.4000
    5.0000    7.8000    8.0000   62.4000
    7.0000    7.8000    8.0000   62.4000
    8.0000    7.8000    8.0000   62.4000
    3.0000    8.2000    2.0000   16.4000
    6.0000    8.2000    2.0000   16.4000


Minimum_Diff_Currents_Optimal =

    0.8000

Optimal Arrangement
        1000        1000        1000        1000        1000        1000         200         600        1000
        1000        1000        1000        1000        1000        1000        1000         400         400
        1000        1000        1000        1000        1000        1000         200        1000        1000
        1000        1000        1000        1000        1000         200        1000        1000         600
        1000        1000        1000        1000        1000        1000         200        1000         600
        1000        1000        1000        1000        1000         200        1000        1000        1000
        1000        1000        1000        1000        1000        1000        1000         400         400
        1000        1000        1000        1000        1000         200        1000         600        1000
        1000        1000        1000        1000        1000         200         200        1000        1000

Power Enhancement (%):
   16.2162

Matrix B:
     1    10    19    28    37    46    55    64    73
     2    11    20    29    38    47    56    65    74
     3    12    21    30    39    48    57    66    75
     4    13    22    31    40    49    58    67    76
     5    14    23    32    41    50    59    68    77
     6    15    24    33    42    51    60    69    78
     7    16    25    34    43    52    61    70    79
     8    17    26    35    44    53    62    71    80
     9    18    27    36    45    54    63    72    81

Matrix C:
     5    11    22    28    45    52    57    68    74
     2    16    24    33    40    53    56    66    73
     7    18    19    29    43    50    62    70    81
     1    14    20    36    42    48    55    64    80
     4    15    27    35    37    46    58    72    76
     9    12    23    31    44    49    59    69    78
     6    17    25    34    39    47    60    65    75
     3    13    26    32    41    51    63    71    79
     8    10    21    30    38    54    61    67    77


PowerMax_org =

   55.8000


sortedIrows_org =

    3.0000    6.2000    9.0000   55.8000
    4.0000    6.2000    9.0000   55.8000
    1.0000    6.6000    7.0000   46.2000
    2.0000    6.6000    7.0000   46.2000
    5.0000    9.0000    5.0000   45.0000
    6.0000    9.0000    5.0000   45.0000
    7.0000    9.0000    5.0000   45.0000
    8.0000    9.0000    5.0000   45.0000
    9.0000    9.0000    5.0000   45.0000


Minimum_Diff_Currents_org =

    2.8000

Original Arrangement
        1000        1000        1000        1000        1000         200         200         600         600
        1000        1000        1000        1000        1000         200         200         600         600
        1000        1000        1000        1000        1000         200         200         400         400
        1000        1000        1000        1000        1000         200         200         400         400
        1000        1000        1000        1000        1000        1000        1000        1000        1000
        1000        1000        1000        1000        1000        1000        1000        1000        1000
        1000        1000        1000        1000        1000        1000        1000        1000        1000
        1000        1000        1000        1000        1000        1000        1000        1000        1000
        1000        1000        1000        1000        1000        1000        1000        1000        1000


PowerMax_Optimal =

   66.6000


sortedIrows_Optimal =

    4.0000    7.4000    9.0000   66.6000
    1.0000    7.8000    8.0000   62.4000
    2.0000    7.8000    8.0000   62.4000
    6.0000    7.8000    8.0000   62.4000
    7.0000    7.8000    8.0000   62.4000
    8.0000    7.8000    8.0000   62.4000
    9.0000    7.8000    8.0000   62.4000
    3.0000    8.2000    2.0000   16.4000
    5.0000    8.2000    2.0000   16.4000


Minimum_Diff_Currents_Optimal =

    0.8000

Optimal Arrangement
        1000        1000        1000        1000        1000         200        1000        1000         600
        1000        1000        1000        1000        1000        1000         200         600        1000
        1000        1000        1000        1000        1000        1000         200        1000        1000
        1000        1000        1000        1000        1000         200         200        1000        1000
        1000        1000        1000        1000        1000        1000         200        1000        1000
        1000        1000        1000        1000        1000        1000        1000         400         400
        1000        1000        1000        1000        1000         200        1000        1000         600
        1000        1000        1000        1000        1000         200        1000         600        1000
        1000        1000        1000        1000        1000        1000        1000         400         400

Power Enhancement (%):
   16.2162

Matrix B:
     1    10    19    28    37    46    55    64    73
     2    11    20    29    38    47    56    65    74
     3    12    21    30    39    48    57    66    75
     4    13    22    31    40    49    58    67    76
     5    14    23    32    41    50    59    68    77
     6    15    24    33    42    51    60    69    78
     7    16    25    34    43    52    61    70    79
     8    17    26    35    44    53    62    71    80
     9    18    27    36    45    54    63    72    81

Matrix C:
     8    16    25    29    39    54    60    68    76
     7    17    24    28    40    49    56    65    77
     4    14    23    36    44    46    57    69    74
     1    15    21    32    38    53    58    71    79
     2    18    22    31    45    51    61    72    73
     9    12    26    34    37    52    59    66    78
     6    11    20    33    43    47    55    70    75
     5    10    19    35    41    48    63    67    80
     3    13    27    30    42    50    62    64    81


PowerMax_org =

   55.8000


sortedIrows_org =

    3.0000    6.2000    9.0000   55.8000
    4.0000    6.2000    9.0000   55.8000
    1.0000    6.6000    7.0000   46.2000
    2.0000    6.6000    7.0000   46.2000
    5.0000    9.0000    5.0000   45.0000
    6.0000    9.0000    5.0000   45.0000
    7.0000    9.0000    5.0000   45.0000
    8.0000    9.0000    5.0000   45.0000
    9.0000    9.0000    5.0000   45.0000


Minimum_Diff_Currents_org =

    2.8000

Original Arrangement
        1000        1000        1000        1000        1000         200         200         600         600
        1000        1000        1000        1000        1000         200         200         600         600
        1000        1000        1000        1000        1000         200         200         400         400
        1000        1000        1000        1000        1000         200         200         400         400
        1000        1000        1000        1000        1000        1000        1000        1000        1000
        1000        1000        1000        1000        1000        1000        1000        1000        1000
        1000        1000        1000        1000        1000        1000        1000        1000        1000
        1000        1000        1000        1000        1000        1000        1000        1000        1000
        1000        1000        1000        1000        1000        1000        1000        1000        1000


PowerMax_Optimal =

   57.4000


sortedIrows_Optimal =

    6.0000    6.2000    9.0000   55.8000
    9.0000    7.0000    8.0000   56.0000
    1.0000    8.2000    7.0000   57.4000
    2.0000    8.2000    7.0000   57.4000
    3.0000    8.2000    7.0000   57.4000
    4.0000    8.2000    7.0000   57.4000
    5.0000    8.2000    7.0000   57.4000
    7.0000    8.2000    7.0000   57.4000
    8.0000    8.2000    7.0000   57.4000


Minimum_Diff_Currents_Optimal =

    2.0000

Optimal Arrangement
        1000        1000        1000        1000        1000        1000         200        1000        1000
        1000        1000        1000        1000        1000        1000         200        1000        1000
        1000        1000        1000        1000        1000         200        1000        1000        1000
        1000        1000        1000        1000        1000        1000        1000         600         600
        1000        1000        1000        1000        1000        1000        1000         600         600
        1000        1000        1000        1000        1000         200         200         400         400
        1000        1000        1000        1000        1000         200        1000        1000        1000
        1000        1000        1000        1000        1000         200        1000        1000        1000
        1000        1000        1000        1000        1000        1000         200         400         400

Power Enhancement (%):
    2.7875

Matrix B:
     1    10    19    28    37    46    55    64    73
     2    11    20    29    38    47    56    65    74
     3    12    21    30    39    48    57    66    75
     4    13    22    31    40    49    58    67    76
     5    14    23    32    41    50    59    68    77
     6    15    24    33    42    51    60    69    78
     7    16    25    34    43    52    61    70    79
     8    17    26    35    44    53    62    71    80
     9    18    27    36    45    54    63    72    81

Matrix C:
     4    12    19    31    41    50    63    72    78
     2    18    24    29    43    53    55    67    76
     3    10    23    33    45    48    59    68    80
     8    16    22    34    39    51    60    69    79
     1    13    27    32    38    49    61    65    74
     7    11    21    30    44    46    56    66    75
     6    17    20    36    40    52    62    71    73
     9    14    25    35    37    47    58    64    81
     5    15    26    28    42    54    57    70    77


PowerMax_org =

   55.8000


sortedIrows_org =

    3.0000    6.2000    9.0000   55.8000
    4.0000    6.2000    9.0000   55.8000
    1.0000    6.6000    7.0000   46.2000
    2.0000    6.6000    7.0000   46.2000
    5.0000    9.0000    5.0000   45.0000
    6.0000    9.0000    5.0000   45.0000
    7.0000    9.0000    5.0000   45.0000
    8.0000    9.0000    5.0000   45.0000
    9.0000    9.0000    5.0000   45.0000


Minimum_Diff_Currents_org =

    2.8000

Original Arrangement
        1000        1000        1000        1000        1000         200         200         600         600
        1000        1000        1000        1000        1000         200         200         600         600
        1000        1000        1000        1000        1000         200         200         400         400
        1000        1000        1000        1000        1000         200         200         400         400
        1000        1000        1000        1000        1000        1000        1000        1000        1000
        1000        1000        1000        1000        1000        1000        1000        1000        1000
        1000        1000        1000        1000        1000        1000        1000        1000        1000
        1000        1000        1000        1000        1000        1000        1000        1000        1000
        1000        1000        1000        1000        1000        1000        1000        1000        1000


PowerMax_Optimal =

   57.4000


sortedIrows_Optimal =

    8.0000    6.2000    9.0000   55.8000
    3.0000    7.0000    8.0000   56.0000
    1.0000    8.2000    7.0000   57.4000
    2.0000    8.2000    7.0000   57.4000
    4.0000    8.2000    7.0000   57.4000
    5.0000    8.2000    7.0000   57.4000
    6.0000    8.2000    7.0000   57.4000
    7.0000    8.2000    7.0000   57.4000
    9.0000    8.2000    7.0000   57.4000


Minimum_Diff_Currents_Optimal =

    2.0000

Optimal Arrangement
        1000        1000        1000        1000        1000        1000        1000         600         600
        1000        1000        1000        1000        1000        1000        1000         600         600
        1000        1000        1000        1000        1000         200        1000         400         400
        1000        1000        1000        1000        1000         200        1000        1000        1000
        1000        1000        1000        1000        1000        1000         200        1000        1000
        1000        1000        1000        1000        1000         200        1000        1000        1000
        1000        1000        1000        1000        1000        1000         200        1000        1000
        1000        1000        1000        1000        1000         200         200         400         400
        1000        1000        1000        1000        1000        1000         200        1000        1000

Power Enhancement (%):
    2.7875

Matrix B:
     1    10    19    28    37    46    55    64    73
     2    11    20    29    38    47    56    65    74
     3    12    21    30    39    48    57    66    75
     4    13    22    31    40    49    58    67    76
     5    14    23    32    41    50    59    68    77
     6    15    24    33    42    51    60    69    78
     7    16    25    34    43    52    61    70    79
     8    17    26    35    44    53    62    71    80
     9    18    27    36    45    54    63    72    81

Matrix C:
     4    13    24    29    45    47    55    70    78
     2    12    19    33    38    51    56    71    76
     6    18    23    35    39    53    60    65    75
     8    17    27    31    42    49    58    69    80
     9    11    25    30    44    52    63    72    81
     3    10    20    28    37    50    57    66    79
     5    14    26    32    40    48    62    67    77
     7    15    22    36    41    46    59    64    74
     1    16    21    34    43    54    61    68    73


PowerMax_org =

   55.8000


sortedIrows_org =

    3.0000    6.2000    9.0000   55.8000
    4.0000    6.2000    9.0000   55.8000
    1.0000    6.6000    7.0000   46.2000
    2.0000    6.6000    7.0000   46.2000
    5.0000    9.0000    5.0000   45.0000
    6.0000    9.0000    5.0000   45.0000
    7.0000    9.0000    5.0000   45.0000
    8.0000    9.0000    5.0000   45.0000
    9.0000    9.0000    5.0000   45.0000


Minimum_Diff_Currents_org =

    2.8000

Original Arrangement
        1000        1000        1000        1000        1000         200         200         600         600
        1000        1000        1000        1000        1000         200         200         600         600
        1000        1000        1000        1000        1000         200         200         400         400
        1000        1000        1000        1000        1000         200         200         400         400
        1000        1000        1000        1000        1000        1000        1000        1000        1000
        1000        1000        1000        1000        1000        1000        1000        1000        1000
        1000        1000        1000        1000        1000        1000        1000        1000        1000
        1000        1000        1000        1000        1000        1000        1000        1000        1000
        1000        1000        1000        1000        1000        1000        1000        1000        1000


PowerMax_Optimal =

    63


sortedIrows_Optimal =

    3.0000    7.0000    9.0000   63.0000
    5.0000    7.2000    8.0000   57.6000
    6.0000    7.2000    8.0000   57.6000
    1.0000    8.2000    6.0000   49.2000
    2.0000    8.2000    6.0000   49.2000
    4.0000    8.2000    6.0000   49.2000
    7.0000    8.2000    6.0000   49.2000
    8.0000    8.2000    6.0000   49.2000
    9.0000    8.2000    6.0000   49.2000


Minimum_Diff_Currents_Optimal =

    1.2000

Optimal Arrangement
        1000        1000        1000        1000        1000         200        1000        1000        1000
        1000        1000        1000        1000        1000        1000         200        1000        1000
        1000        1000        1000        1000        1000         200        1000         400         400
        1000        1000        1000        1000        1000        1000         200        1000        1000
        1000        1000        1000        1000        1000         200        1000         400         600
        1000        1000        1000        1000        1000        1000         200         600         400
        1000        1000        1000        1000        1000        1000        1000         600         600
        1000        1000        1000        1000        1000        1000         200        1000        1000
        1000        1000        1000        1000        1000         200        1000        1000        1000

Power Enhancement (%):
   11.4286

Matrix B:
     1    10    19    28    37    46    55    64    73
     2    11    20    29    38    47    56    65    74
     3    12    21    30    39    48    57    66    75
     4    13    22    31    40    49    58    67    76
     5    14    23    32    41    50    59    68    77
     6    15    24    33    42    51    60    69    78
     7    16    25    34    43    52    61    70    79
     8    17    26    35    44    53    62    71    80
     9    18    27    36    45    54    63    72    81

Matrix C:
     7    13    21    29    39    51    56    64    77
     5    16    27    31    42    47    59    65    73
     3    10    23    32    40    48    55    71    80
     2    18    26    36    41    50    61    67    74
     6    12    24    35    38    53    62    68    76
     4    14    25    28    37    49    60    70    81
     9    15    22    33    43    52    58    69    75
     8    11    20    30    44    54    63    72    78
     1    17    19    34    45    46    57    66    79

